681.292053222656023
562.341308593750000
464.158874511718977
383.118682861328011
316.227752685546989
261.015716552733977
215.443466186523011
177.827941894530994
146.779922485351989
121.152763366699006
100.000000000000000
82.540420532226605
68.129203796386705
56.234130859375000
46.415889739990199
38.311866760253899
31.622776031494102
26.101572036743200
21.544347763061499
17.782794952392599
14.677992820739700
12.115276336669901
10.000000000000000
8.254041671752930
6.812920570373540
5.623413085937500
4.641588687896730
3.831186771392820
3.162277698516850
2.610157251358030
2.154434680938720
1.778279423713680
1.467799305915830
1.211527705192570
1.000000000000000
0.681292057037354
0.464158892631531
0.316227763891220
0.215443462133408
0.146779924631119
0.100000001490116
0.046415887773037
0.021544346585870
